[gd_scene load_steps=5 format=3 uid="uid://jegbqtgi7es3"]

[ext_resource type="Script" uid="uid://b0eal265bjekm" path="res://Player.cs" id="1_onrkg"]
[ext_resource type="PackedScene" uid="uid://ct2elybdkgifd" path="res://Characters/Knight.glb" id="2_i3pqv"]

[sub_resource type="CapsuleShape3D" id="CapsuleShape3D_onrkg"]
radius = 0.173376
height = 1.563

[sub_resource type="CapsuleShape3D" id="CapsuleShape3D_hqtel"]
height = 2.61084

[node name="Player" type="CharacterBody3D"]
floor_stop_on_slope = false
floor_block_on_wall = false
script = ExtResource("1_onrkg")

[node name="Knight" parent="." instance=ExtResource("2_i3pqv")]

[node name="Skeleton3D" parent="Knight" index="0"]
bones/2/position = Vector3(-2.25505e-08, 0.364507, 0.0945836)
bones/2/rotation = Quaternion(-1.13347e-09, 0.173193, 1.02934e-08, 0.984888)
bones/3/rotation = Quaternion(-6.93889e-18, 7.10543e-15, 4.93038e-32, 1)
bones/4/rotation = Quaternion(-9.03925e-10, -0.130526, -8.41948e-09, 0.991445)
bones/5/position = Vector3(0.212007, 0.134132, 7.92996e-08)
bones/5/rotation = Quaternion(-0.55586, 0.0644792, -0.581635, 0.590392)
bones/6/rotation = Quaternion(8.04133e-09, -5.13182e-08, -0.468236, 0.883603)
bones/8/rotation = Quaternion(-0.299391, -0.503174, -0.146087, 0.797396)
bones/9/position = Vector3(8.34843e-10, 0.0961252, -0.0575)
bones/9/rotation = Quaternion(-3.6586e-09, 6.87811e-09, -0.707107, 0.707107)
bones/15/position = Vector3(-0.214481, 0.134132, 0.0285751)
bones/15/rotation = Quaternion(-0.590544, 0.38557, 0.67417, 0.219291)
bones/16/rotation = Quaternion(4.00622e-08, 4.13976e-08, 0.478026, 0.878346)
bones/18/rotation = Quaternion(-0.293634, 0.327431, -0.320129, 0.839098)
bones/19/position = Vector3(-0.0272808, 0.108064, -0.061636)
bones/19/rotation = Quaternion(0.0172037, -0.0172036, 0.569547, 0.821598)
bones/22/rotation = Quaternion(0.0535578, -0.0312819, 0.00294842, 0.99807)
bones/25/position = Vector3(0.170945, 0.113587, 1.59941e-08)
bones/25/rotation = Quaternion(0.945739, 0.125185, 0.161874, -0.252396)
bones/26/rotation = Quaternion(0.00196655, 6.93061e-08, -3.82498e-09, 0.999998)
bones/27/rotation = Quaternion(-0.540141, -0.319307, 0.0396604, 0.777636)
bones/28/rotation = Quaternion(-9.74065e-09, 0.920355, -0.391084, 7.8309e-08)
bones/29/position = Vector3(-0.170945, 0.113587, 1.55755e-08)
bones/29/rotation = Quaternion(0.985148, -0.044808, 0.165649, 0.005965)
bones/30/rotation = Quaternion(0.388556, -6.33959e-08, 2.75767e-07, 0.921425)
bones/31/rotation = Quaternion(-0.687017, 0.108428, -0.0432149, 0.717206)
bones/32/rotation = Quaternion(3.03591e-08, 0.920355, -0.391084, -6.95338e-08)
bones/33/rotation = Quaternion(0.707107, -2.29302e-07, -4.60552e-08, 0.707107)
bones/34/position = Vector3(0.202182, 0.0259903, 0.205181)
bones/34/rotation = Quaternion(-0.707107, -7.05285e-08, -7.05285e-08, 0.707107)
bones/35/position = Vector3(-0.0369076, 0.45686, -1.90412e-15)
bones/35/rotation = Quaternion(1.66686e-08, 2.74722e-09, 0.95653, -0.291635)
bones/36/position = Vector3(-2.60494e-08, 0.213436, -5.1715e-09)
bones/36/rotation = Quaternion(-1.01273e-07, 0.391084, 0.920355, -3.35091e-08)
bones/37/position = Vector3(8.58988e-09, 0.16565, -2.40963e-09)
bones/38/rotation = Quaternion(1, -2.33136e-09, 1.99777e-07, -1.34211e-15)
bones/40/rotation = Quaternion(0.707107, -3.82385e-08, 1.45009e-07, 0.707107)
bones/41/rotation = Quaternion(-0.707107, -7.05285e-08, -7.05285e-08, 0.707107)
bones/42/position = Vector3(1.94581e-08, 0.287018, 2.42861e-15)
bones/42/rotation = Quaternion(-5.83589e-09, 6.43837e-10, 0.994809, 0.101756)
bones/43/position = Vector3(-1.11482e-08, 0.213436, -2.50942e-15)
bones/43/rotation = Quaternion(-1.05796e-07, 0.391084, 0.920355, -2.58643e-08)
bones/44/position = Vector3(-6.31128e-09, 0.16565, 2.70695e-09)
bones/45/rotation = Quaternion(1, 3.76526e-09, 1.94879e-07, 7.45058e-09)
bones/47/rotation = Quaternion(-0.707107, -7.27951e-08, -7.27951e-08, 0.707107)
bones/48/position = Vector3(0.502589, 0.788152, -0.110467)
bones/48/rotation = Quaternion(0.886246, 0.135782, 0.418074, 0.146101)
bones/49/position = Vector3(-0.545165, 0.842777, -0.44822)
bones/49/rotation = Quaternion(-0.707107, -7.27951e-08, -7.27951e-08, 0.707107)
bones/50/position = Vector3(-0.426179, 0.868142, 0.472046)
bones/50/rotation = Quaternion(-0.656584, 0.151594, 0.716843, -0.179034)

[node name="1H_Sword_Offhand" parent="Knight/Skeleton3D" index="0"]
transform = Transform3D(-0.118515, 0.613561, 0.780702, 0.920431, 0.362841, -0.145433, -0.372503, 0.701348, -0.607743, 0.525437, 0.656449, -0.0308728)

[node name="1H_Sword_Offhand" parent="Knight/Skeleton3D/1H_Sword_Offhand" index="0"]
visible = false

[node name="Badge_Shield" parent="Knight/Skeleton3D" index="1"]
transform = Transform3D(-0.118514, 0.613561, 0.780702, 0.920432, 0.362839, -0.145432, -0.372501, 0.701349, -0.607743, 0.647137, 0.633778, -0.125611)

[node name="Rectangle_Shield" parent="Knight/Skeleton3D" index="2"]
transform = Transform3D(-0.118514, 0.613561, 0.780702, 0.920432, 0.362839, -0.145432, -0.372501, 0.701349, -0.607743, 0.647137, 0.633778, -0.125611)

[node name="Round_Shield" parent="Knight/Skeleton3D" index="3"]
transform = Transform3D(-0.118514, 0.613561, 0.780702, 0.920432, 0.362839, -0.145432, -0.372501, 0.701349, -0.607743, 0.647137, 0.633778, -0.125611)

[node name="Spike_Shield" parent="Knight/Skeleton3D" index="4"]
transform = Transform3D(-0.118514, 0.613561, 0.780702, 0.920432, 0.362839, -0.145432, -0.372501, 0.701349, -0.607743, 0.647137, 0.633778, -0.125611)

[node name="1H_Sword" parent="Knight/Skeleton3D" index="5"]
transform = Transform3D(0.0194839, 0.0806267, 0.996553, 0.993002, 0.114554, -0.0286827, -0.116471, 0.990139, -0.0778306, -0.368076, 0.772579, 0.642958)
visible = false

[node name="2H_Sword" parent="Knight/Skeleton3D" index="6"]
transform = Transform3D(0.0194839, 0.0806267, 0.996553, 0.993002, 0.114554, -0.0286827, -0.116471, 0.990139, -0.0778306, -0.368076, 0.772579, 0.642958)

[node name="Sword" type="Area3D" parent="Knight/Skeleton3D/2H_Sword" index="1"]
transform = Transform3D(2.04042, 3.15599e-08, -6.94963e-08, -3.00627e-08, 2.14205, 0, 2.7925e-08, -3.12868e-08, 5.07792, -1.78814e-07, 1.15247, 2.38419e-07)

[node name="CollisionShape3D" type="CollisionShape3D" parent="Knight/Skeleton3D/2H_Sword/Sword"]
transform = Transform3D(1, 0, 0, 0, 1, 0, 0, 0, 1, -8.88178e-16, -0.0814852, 0.130402)
shape = SubResource("CapsuleShape3D_onrkg")

[node name="Knight_Helmet" parent="Knight/Skeleton3D" index="7"]
transform = Transform3D(0.99972, 1.57673e-06, 0.0236759, 0.00253468, 0.994246, -0.107093, -0.0235399, 0.107123, 0.993967, 4.20914e-07, 1.17488, 0.0918482)

[node name="Knight_Cape" parent="Knight/Skeleton3D" index="8"]
transform = Transform3D(0.996275, -4.61485e-09, 0.0862353, 4.24738e-09, 1, 4.44479e-09, -0.0862353, -4.06195e-09, 0.996275, -2.49708e-08, 1.17473, 0.0945835)

[node name="Marker3D" type="Marker3D" parent="Knight"]
transform = Transform3D(1, 0, 0, 0, 1, 0, 0, 0, 1, -0.23317, 0.895517, 2.28093)

[node name="CameraController" type="Node3D" parent="."]
transform = Transform3D(-4.37114e-08, 0, -1, 0, 1, 0, 1, 0, -4.37114e-08, 0, 0, 0)
top_level = true

[node name="CameraTarget" type="Node3D" parent="CameraController"]
transform = Transform3D(-4.37114e-08, 0, 1, 0, 1, 0, -1, 0, -4.37114e-08, 5.59468, 3.76917, -7.76492e-08)

[node name="Camera3D" type="Camera3D" parent="CameraController/CameraTarget"]
transform = Transform3D(1, 0, 0, 0, 0.908632, 0.417598, 0, -0.417598, 0.908632, 0, 0.102194, 0.170564)
current = true

[node name="Hitbox" type="Area3D" parent="."]

[node name="CollisionShape3D" type="CollisionShape3D" parent="Hitbox"]
transform = Transform3D(1, 0, 0, 0, 1, 0, 0, 0, 1, 0, 1.25119, 0)
shape = SubResource("CapsuleShape3D_hqtel")

[node name="CollisionShape3D" type="CollisionShape3D" parent="."]
transform = Transform3D(1, 0, 0, 0, 1, 0, 0, 0, 1, 0, 1.25119, 0)
shape = SubResource("CapsuleShape3D_hqtel")

[connection signal="area_entered" from="Hitbox" to="." method="_on_hitbox_area_entered"]

[editable path="Knight"]
